image: map_edit.png
resolution: 0.05000
origin: [-31.240738, -24.446979, 0.0]
occupied_thresh: 0.37
free_thresh: 0.05
negate: 1
mode: scale

