image: map.png
resolution: 0.050000
origin: [-17.214018, -18.332068, 0.0]
negate: 0
occupied_thresh: 0.65
free_thresh: 0.196
