image: map.png
resolution: 0.050000
origin: [-20.122879, -11.839090, 0.0]
negate: 0
occupied_thresh: 0.65
free_thresh: 0.196
