image: map.png
resolution: 0.05000
origin: [-26.172385, -14.399857, 0.0]
negate: 0
occupied_thresh: 0.65
free_thresh: 0.196

