free_thresh: 0.196
image: map1.png
negate: 0
occupied_thresh: 0.65
origin: [-66.840063, -65.308313, 0.0]
resolution: 0.05
