free_thresh: 0.196
image: map2.png
negate: 0
occupied_thresh: 0.65
origin: [-66.72959, -65.30177, 0.0]
resolution: 0.05
