image: map.png
resolution: 0.05000
origin: [-16.620981, -78.401111, 0.0]
negate: 0
occupied_thresh: 0.65
free_thresh: 0.196

