free_thresh: 0.196
image: map07212.png
negate: 0
occupied_thresh: 0.65
origin: [-8.344392, -16.095352, 0.0]
resolution: 0.05
