image: map_edit.png
resolution: 0.05
origin: [-10.40654907226563, -41.97916259765626, 0]
mode: scale
negate: 1
occupied_thresh: 0.37
free_thresh: 0.05
