image: map.png
resolution: 0.05000
origin: [-19.493301, -12.671143, 0.0]
negate: 0
occupied_thresh: 0.65
free_thresh: 0.196

