free_thresh: 0.196
image: map0721001.png
negate: 0
occupied_thresh: 0.65
origin: [-8.751056, -26.887952, 0.0]
resolution: 0.05
